+622712185290
+622715823224
+62271612195
+62271636363
+62271643017
+622717075678
+622718038784
+622718096006
+62803060308000
+62803060808000
+62803070707000
+62803080808000
+62803100208000
+62803140308000
+62803150308000
+62803210807000
+62803230308000
+62803240108000
+62803310807000
+62803430408000
+62803440607000
+62803450404000
+62803490207000
+62803511107000
+62803670507000
+62803670807000
+62803690407000
+62805010002
+62809610608000
+628111150433
+62811129122
+628112100231
+628112110558
+628112125556
+628112333966
+62811239832
+62811294783
+62811327546
+6281175228544
+6281176401410
+6281210221979
+6281210246410
+6281210395000
+628121107311
+628121110834
+6281211712894
+6281213813949
+6281214032754
+6281214070602
+628121480363
+6281217323857
+6281217490622
+6281217715799
+6281217816682
+62812178166820
+628121872630
+6281218765349
+6281219493789
+6281219575480
+6281219795723
+6281219903780
+628121992721
+628122008907
+6281220272640
+6281220347503
+628122080997
+6281220878294
+628122088417
+6281221051623
+6281221207689
+6281221935155
+6281222217273
+6281222222765
+6281222241834
+6281222867854
+6281222877440
+628122288854
+6281222900443
+6281223103910
+6281223598989
+628122376511
+6281224445785
+6281224740744
+6281225927888
+6281226036309
+6281226171474
+628122638778
+6281226877683
+6281227661174
+6281228652309
+6281228880319
+6281229433836
+628123106790
+6281232220215
+6281232400398
+6281232940253
+6281233636914
+6281233686882
+6281234428022
+6281238204511
+628123837855
+6281239940219
+6281240282053
+6281241925409
+6281242818033
+6281246296420
+6281246481602
+6281248011393
+6281248177037
+6281248242495
+6281252430656
+6281253671512
+628125915576
+628125924368
+6281259687979
+6281261465894
+6281261545229
+6281262959832
+6281263402411
+6281263698336
+628126543485
+6281266777029
+6281267336752
+6281268059294
+6281268204275
+628126822174
+62812682351252
+62812686760002
+62812687774071
+62812688260882
+62812688715717
+6281268878901
+628126893139
+6281268948975
+6281270277144
+6281270963395
+6281275003181
+62812753668
+62812760252011
+62812760330671
+62812761775
+6281276234887
+62812763334
+6281276350256
+62812765132001
+62812765553427
+6281276566141
+62812765821220
+62812768454502
+628127689408
+62812771600
+6281280245633
+6281280462577
+6281280542255
+6281280806403
+628128177732
+6281283871788
+6281284085089
+6281284500101
+6281284631644
+6281284872639
+628128512873
+628128583332
+628128623706
+628128634719
+6281286816957
+6281287900422
+6281288021006
+6281288026645
+6281288446092
+6281288804099
+6281290224626
+6281291107828
+628129221808
+628129430000
+6281296358163
+628129648266
+628129680755
+6281296972073
+6281297371252
+6281297769669
+6281310055401
+6281310333308
+6281310386574
+6281310462907
+6281310569060
+6281310689995
+6281310715445
+6281310721560
+6281311005230
+6281311009492
+6281311092789
+6281311211030
+6281311508641
+6281311652896
+6281312671888
+6281312867004
+6281313667800
+6281313929717
+6281315052962
+6281315109082
+6281315136463
+6281315864668
+6281316011990
+6281316233151
+6281316358830
+6281317972344
+6281318016475
+6281318451333
+6281318543436
+6281318566601
+6281318746323
+6281318845007
+6281319157815
+6281319232225
+6281319816341
+6281320080508
+6281320089921
+6281320393935
+6281320412384
+6281320420713
+6281320480353
+6281320483594
+6281320529661
+6281320634940
+6281320653608
+6281321149391
+6281321887678
+6281321907133
+6281322252582
+6281322328003
+6281322447488
+6281322535255
+6281323004999
+6281323013958
+6281323191616
+6281323202025
+6281323202026
+6281323292893
+6281323304502
+6281323333320
+6281323700800
+6281323891910
+6281323942557
+6281323955777
+6281325091626
+6281326308607
+6281326447003
+6281326579958
+6281327121595
+6281327786698
+6281328164004
+6281328179456
+6281328296138
+6281328478190
+6281328788916
+6281328871055
+6281333415706
+6281334773545
+6281335104300
+6281335243902
+6281335585810
+6281335625880
+6281335640180
+6281335712650
+6281335830004
+6281338174041
+6281338770761
+6281340846100
+6281342894175
+6281344128735
+6281345037917
+6281345930116
+6281347687426
+6281355352635
+6281355562041
+6281356862794
+6281359025501
+6281359626720
+6281359755315
+6281360003119
+6281360664448
+62813634530662
+6281364177276
+62813647726202
+6281365445426
+62813655510211
+62813657441
+6281365778851
+6281365793227
+6281366704846
+6281367183485
+6281369913031
+62813710316
+62813710667082
+62813712567
+62813714775711
+6281371828481
+6281376962111
+6281377052490
+6281378884382
+6281380030400
+6281380047300
+6281380121770
+6281380548289
+6281380620500
+6281381196098
+6281381356841
+6281381408944
+6281381537753
+6281382555912
+6281383414926
+62813834614401
+6281384034632
+6281384967494
+6281385185869
+6281385654716
+6281386440822
+6281392075717
+6281392224642
+6281392365142
+6281392650960
+6281393365787
+6281393878256
+6281394943331
+6281395237629
+6281395258519
+6281396246353
+6281397244545
+6281399081232
+6281399575999
+6281399846791
+6281460821301
+62815080707000
+6281510837578
+6281510901563
+6281515744854
+62815157448540
+628151623852
+62815171207000
+628151896400
+6281548515774
+62815520507000
+62815540707000
+62815570408000
+62815590708000
+62815610108000
+6281563549022
+628156704040
+6281567629043
+62815680908000
+628156897997
+6281572366065
+6281572521875
+6281574109000
+628158140935
+6281584252365
+628158539335
+6281586161177
+6281586662742
+628158810190
+628159510914
+628159688700
+62816782525
+62816963271
+628170261631
+62817036147508
+628170717426
+628170794395
+628170909633
+62817138477
+62817142701
+62817144175
+6281717463208
+62817200249
+62817259480
+628174946820
+628176097324
+628176504084
+6281770915186
+6281779577078
+628179000751
+628179015540
+628179890225
+628179920590
+6281802722011
+6281803479135
+6281804034827
+6281804387561
+6281806866960
+6281806906901
+6281807277300
+6281807876105
+6281808846585
+62818140167
+62818195949
+62818209271
+62818265130
+62818464269
+62818569406121
+62818701669
+62818816745
+628188650091
+6281901720854
+6281904561003
+6281904729720
+6281905800234
+6281907383958
+6281908095882
+6281908616604
+6281913967661
+6281913967662
+6281914305529
+6281915939513
+6281916111075
+6281916220759
+6281917239169
+6281917925254
+6281918137818
+6281918356268
+6281927790609
+62819304570895
+6281931192236
+6281932086209
+6281932301849
+6281932977511
+6281933808626
+6281934796557
+6281934815461
+6281934854710
+6281934887884
+6281936853337
+6281937437704
+6281937610021
+6281937661846
+6281937741999
+6281938761148
+6281945968491
+6281946658816
+6281946696219
+6281946710766
+628194829492
+6281952504700
+6281977814241
+6281999063729
+6281999085706
+6281999259106
+6282110419666
+6282112374505
+6282112927914
+6282113345544
+6282113601961
+6282113685165
+6282114151266
+6282115201612
+6282115345922
+6282116503089
+6282116615639
+6282117733707
+6282117826713
+6282118000979
+6282118032688
+6282118235820
+6282118800740
+6282119234900
+6282119253962
+6282119752036
+628211984605
+6282121895777
+6282123653339
+6282124140602
+6282124786843
+6282125253858
+6282127259398
+6282127494926
+6282127527588
+6282128030697
+6282130387842
+6282130485921
+6282132673186
+6282132749382
+6282133337060
+6282134052986
+6282135953956
+6282136627279
+6282138532248
+6282138801858
+6282139190371
+6282140714020
+6282140824419
+62821408244190
+6282144348473
+6282144955824
+6282145552401
+6282153489342
+6282154786100
+6282158432926
+6282159334353
+6282163799018
+6282170176800
+6282170193642
+6282170864996
+6282171183947
+62821722280002
+6282172294511
+6282172784965
+6282183112229
+6282188640727
+6282195183557
+6282197655943
+6282199786682
+6282199957058
+6282213099847
+6282214310358
+6282214849867
+6282214868909
+628221488111
+6282215609531
+6282216564179
+6282216894238
+6282217082233
+6282217595905
+62822177544664
+6282220268911
+6282221271982
+6282221509190
+6282225555900
+6282226569669
+6282228610638
+6282229956809
+6282231248793
+6282232811166
+6282233695683
+6282233982022
+6282236144343
+6282236167752
+6282236445141
+6282236868446
+6282240995208
+6282241917946
+6282242867526
+6282251346291
+6282260942323
+6282273614674
+6282278045764
+6282278825445
+6282280948818
+6282283841430
+6282284739839
+6282285059368
+6282287790585
+6282291563226
+6282292662494
+62822926624940
+6282292728921
+6282293337872
+6282294329793
+6282301068527
+6282310822508
+6282311545989
+6282311574517
+6282313060277
+6282313322225
+6282315097001
+6282315156369
+6282315199143
+6282315381614
+6282315776009
+6282315837636
+6282316162805
+6282316563599
+6282316577555
+6282316588552
+6282317467787
+6282317668227
+6282318105839
+6282318183629
+6282318328996
+6282319338720
+6282320406672
+6282320554449
+6282320645134
+6282321257405
+6282321977366
+6282323561815
+6282324226917
+6282324954783
+6282327216013
+6282328443198
+6282328795260
+6282330202826
+6282330970755
+6282332817919
+6282337594771
+6282339032397
+6282339877589
+6282339950159
+6282340006314
+6282341261958
+6282341577545
+6282341666930
+6282349017446
+6282359039382
+6282371350655
+6282374908616
+6282383079589
+6282387214627
+6282388848066
+6282389100156
+6282391532627
+6282396301079
+6282398204418
+62825180408000
+62825510208000
+62825530208000
+6282848122591
+6283119636216
+6283119991356
+6283122534726
+6283129333302
+6283129451357
+6283135927044
+6283142899109
+6283145475757
+6283146229878
+62831673980895
+6283186274142
+6283800614716
+6283805262470
+6283822781146
+62838259020895
+6283835371340
+6283836236402
+6283843754366
+6283847005487
+6283847128886
+6283847699099
+6283849257839
+6283852280886
+6283866965450
+6283877966617
+6283890359153
+6284647776022
+6285115308555
+6285145021687
+6285156432985
+6285156729686
+6285161200074
+6285161746466
+62851891174830
+62851891174840
+62851891174850
+62851891174880
+62851891174910
+62851891174920
+62851891174930
+6285189117494
+62851891174970
+6285189117498
+62851891174990
+62851891175030
+62851891175040
+62851891175060
+6285191247419
+62851942700240
+62851942700250
+62851942700270
+62851942700280
+62851942700300
+62851942700310
+62851942700430
+6285201410597
+6285201439068
+6285203792632
+6285205031457
+6285210034914
+6285210783197
+6285211110792
+62852111911148
+6285212352367
+6285215464655
+62852158705382
+62852158705385
+6285216104505
+6285216206857
+6285217533107
+6285218408565
+6285218742831
+6285219398756
+6285219434599
+6285220078800
+6285220130097
+6285221375599
+6285221554024
+6285221645379
+6285221686826
+6285221707017
+6285221827690
+6285222227552
+6285222559990
+6285223119740
+6285223160745
+62852231687
+6285223202299
+628522329939
+6285223390142
+6285223399637
+6285223470332
+6285223556222
+6285223724844
+6285223796751
+6285223807081
+6285223872728
+6285223983007
+6285224466231
+6285225022865
+62852251822801
+6285225211484
+6285225996291
+6285226706820
+6285226805584
+6285226822745
+6285228095553
+6285228277829
+6285228320666
+6285228447953
+6285228546389
+6285228944553
+6285229219377
+6285229339013
+6285229624162
+6285230233841
+6285230467519
+6285230560234
+6285230659098
+6285231101629
+6285231509645
+6285233056378
+62852330563780
+6285233101332
+6285233101621
+6285233624023
+6285235020410
+6285235054684
+6285235417404
+6285235879590
+6285236140053
+6285236817773
+6285236866594
+6285236872973
+6285237955181
+6285237997956
+6285238375910
+6285238809351
+6285239815252
+6285242054689
+6285242084478
+6285242824103
+6285246010919
+6285246240807
+6285247519567
+6285253615696
+6285253625946
+6285255229568
+6285257908269
+6285259127995
+6285259655365
+6285260139600
+6285260925056
+6285263428568
+62852638077
+62852638357
+6285264107715
+6285265716783
+6285266199769
+6285268140988
+6285268361303
+6285270109900
+62852714204502
+6285271568315
+6285271976257
+6285272780612
+6285274052444
+6285274173624
+6285274752880
+6285274837571
+6285275366108
+6285276549407
+6285277277080
+6285277473780
+6285277548293
+6285277693440
+62852780880
+62852781400
+62852783260751
+6285281411191
+6285282931874
+6285285834491
+6285286080589
+6285286276755
+6285290067618
+6285292007666
+6285292080103
+6285292200857
+6285292633132
+6285292789498
+6285292793419
+6285292924646
+6285292931196
+6285294203641
+6285294760425
+6285295226488
+6285296680833
+6285297938428
+6285298183224
+6285298845701
+6285299153738
+6285299177911
+6285299825354
+6285299960820
+6285314230738
+6285314757289
+6285314757292
+6285315076744
+6285318462595
+6285318550983
+6285318588147
+6285318603963
+6285318781111
+628531946698
+6285320245012
+6285320515781
+6285320994930
+6285321098666
+6285321736340
+6285322389990
+6285322489181
+6285322733390
+6285323202244
+6285323421624
+6285323806912
+6285323952912
+6285324950089
+6285326677467
+6285330104779
+6285330801810
+6285331473296
+6285333362239
+6285334449625
+6285336003268
+6285336617348
+6285337261373
+6285341928075
+6285341997353
+6285342003609
+6285342288787
+6285351685557
+6285353000384
+6285353046885
+628535572626
+62853566112603
+6285363639591
+6285363747207
+62853648618861
+62853650515731
+62853743488832
+62853762588856
+6285397631193
+6285399003696
+6285459408317
+628551010360
+6285523641866
+6285540479177
+628560169688
+6285602679249
+628561368422
+628561901701
+6285624462667
+628563541794
+6285640121804
+6285640814013
+6285642213633
+6285642353664
+6285643210172
+6285643608639
+6285643870947
+6285643982824
+6285645578785
+6285645611680
+6285646435171
+6285646672221
+6285647021807
+6285647172443
+6285647432640
+6285648036960
+6285648916358
+6285649256571
+6285649629575
+6285649649262
+628565251710
+6285655887857
+6285655935195
+628566709453
+628567018530
+628567222006
+628567268346
+628567882580
+6285691952105
+628569254933
+6285692711925
+6285693926304
+6285694000769
+6285694391591
+6285695050378
+6285695700106
+6285697360719
+6285702487187
+6285706387853
+6285710000842
+6285710530165
+6285710692888
+6285710791021
+6285711306462
+6285712412961
+6285713099684
+6285713193526
+6285713788955
+6285715925192
+6285716278718
+6285716882931
+6285717544187
+6285717940009
+6285718711267
+6285723071314
+6285723152503
+6285723341479
+6285723509146
+6285725666196
+6285726832323
+6285727569189
+6285728000422
+6285729000540
+6285729536757
+6285729680864
+6285730041808
+6285731175760
+6285731493987
+6285733022708
+6285735510451
+6285736803500
+6285737756956
+6285739517310
+6285740006392
+6285740695551
+6285742457801
+6285746062032
+6285746137732
+6285746480540
+6285747750800
+6285747875320
+6285749082749
+628574922808
+6285749302538
+6285749312984
+6285749404115
+6285749768800
+6285755575448
+6285755686955
+6285773444127
+6285779069684
+6285780698650
+6285781448217
+6285786405128
+6285789141365
+6285790887646
+6285792919774
+6285793367132
+6285798436458
+6285798921107
+628580356230
+6285804620407
+6285804941404
+6285808364146
+6285813184174
+6285813825528
+6285846161592
+6285846177281
+6285852080907
+6285852544203
+6285859697599
+6285859748667
+6285861182018
+6285862000282
+6285867318832
+6285867411760
+6285867642723
+6285867647306
+6285869208210
+6285869484299
+6285869600966
+6285869714957
+6285869977629
+6285870266889
+6285870323857
+6285875116250
+6285876770355
+6285877849947
+6285878057221
+62859159953269
+62859180614600
+6285920772880
+6285925015285
+6285925036112
+6285931300773
+6285938523414
+6285943646627
+6285954318203
+6285955345953
+6285959732366
+6285960161912
+6285961490376
+6285963156159
+6285975263423
+62862858047336
+628648708226
+6287587435794
+6287702810102
+6287703334309
+6287711656441
+6287712557616
+6287717011977
+6287719779408
+6287732166471
+6287735491898
+6287736518942
+6287748104845
+6287750262190
+6287751026148
+6287752071731
+6287755221344
+6287755527038
+6287755542442
+6287755607691
+6287755703300
+6287755748420
+6287755876945
+6287755973173
+6287755994901
+6287756142118
+6287757120491
+6287757348959
+6287757438294
+6287757725716
+6287758824677
+6287759121987
+6287759204906
+6287762575119
+6287762947085
+6287764543631
+6287765952853
+6287766642620
+6287766643559
+6287770008894
+6287770308096
+6287772986073
+6287776752140
+6287780185404
+6287780688017
+6287782463321
+6287788548059
+6287796832417
+6287806650155
+6287807035467
+6287812561125
+6287816070572
+6287826819110
+6287835111684
+6287835312932
+6287837850808
+6287838142873
+6287842998421
+6287844082698
+6287844823567
+6287845203048
+6287845276964
+6287847641893
+6287849157666
+6287850400831
+6287851556147
+6287853461313
+6287854440258
+6287855917177
+6287856049303
+6287856680577
+6287857405374
+6287857459383
+6287857474046
+6287857496503
+6287858225249
+6287858748956
+6287860667906
+6287861444509
+6287861580686
+6287861918012
+6287863392503
+6287863468151
+6287863481826
+6287863656408
+6287864309471
+6287870398514
+6287870439666
+6287870682896
+6287871499462
+6287872569279
+6287873104079
+6287874447225
+6287877831913
+6287878275572
+6287878515458
+6287880331111
+6287880640345
+6287883715790
+628812835169
+628812960156
+628813839440
+628814762094
+628816579882
+62882009562206
+6288211048056
+6288212526967
+6288214698088
+6288216789023
+6288218340711
+6288221255600
+6288221713837
+6288221747390
+62882293802166
+6288233114173
+6288238458934
+6288239510310
+6288271276569
+628871181037
+6288806291651
+628882096925
+628882602286
+628884155557
+628884176056
+628886511017
+628886715207
+6288901759858
+62890989650895
+6289501776415
+6289503588730
+6289510680937
+6289513518011
+6289513626305
+6289513837501
+6289515409424
+62895154094240
+6289523289960
+6289527518464
+62895333230545
+62895342143148
+62895384199407
+62895392438799
+62895414892501
+62895415086921
+62895601338605
+62895601486210
+62895614720009
+62895622875704
+6289604374565
+6289612327851
+6289612796848
+6289626336084
+6289627043352
+62896313650822
+6289636127807
+6289636556456
+6289643396239
+6289649371506
+6289651079995
+6289651809152
+6289666690011
+6289669505208
+6289679062542
+6289682190761
+6289682222254
+6289696695550
+628970656469
+628975919988
+628976351841
+628979639202
+628979978401
+628980424237
+628980619261
+628983176676
+628985226332
+628988231639
+628988599056
+628989120007
+628990326852
+628990355992
+628990910620
+628990955678
+628991999484
+628995045880
+628999841687
+622712185290
+622715823224
+62271612195
+62271636363
+62271643017
+622717075678
+622718038784
+622718096006
+62803060308000
+62803060808000
+62803070707000
+62803080808000
+62803100208000
+62803140308000
+62803150308000
+62803210807000
+62803230308000
+62803240108000
+62803310807000
+62803430408000
+62803440607000
+62803450404000
+62803490207000
+62803511107000
+62803670507000
+62803670807000
+62803690407000
+62805010002
+62809610608000
+628111150433
+62811129122
+628112100231
+628112110558
+628112125556
+628112333966
+62811239832
+62811294783
+62811327546
+6281175228544
+6281176401410
+6281210221979
+6281210246410
+6281210395000
+628121107311
+628121110834
+6281211712894
+6281213813949
+6281214032754
+6281214070602
+628121480363
+6281217323857
+6281217490622
+6281217715799
+6281217816682
+62812178166820
+628121872630
+6281218765349
+6281219493789
+6281219575480
+6281219795723
+6281219903780
+628121992721
+628122008907
+6281220272640
+6281220347503
+628122080997
+6281220878294
+628122088417
+6281221051623
+6281221207689
+6281221935155
+6281222217273
+6281222222765
+6281222241834
+6281222867854
+6281222877440
+628122288854
+6281222900443
+6281223103910
+6281223598989
+628122376511
+6281224445785
+6281224740744
+6281225927888
+6281226036309
+6281226171474
+628122638778
+6281226877683
+6281227661174
+6281228652309
+6281228880319
+6281229433836
+628123106790
+6281232220215
+6281232400398
+6281232940253
+6281233636914
+6281233686882
+6281234428022
+6281238204511
+628123837855
+6281239940219
+6281240282053
+6281241925409
+6281242818033
+6281246296420
+6281246481602
+6281248011393
+6281248177037
+6281248242495
+6281252430656
+6281253671512
+628125915576
+628125924368
+6281259687979
+6281261465894
+6281261545229
+6281262959832
+6281263402411
+6281263698336
+628126543485
+6281266777029
+6281267336752
+6281268059294
+6281268204275
+628126822174
+62812682351252
+62812686760002
+62812687774071
+62812688260882
+62812688715717
+6281268878901
+628126893139
+6281268948975
+6281270277144
+6281270963395
+6281275003181
+62812753668
+62812760252011
+62812760330671
+62812761775
+6281276234887
+62812763334
+6281276350256
+62812765132001
+62812765553427
+6281276566141
+62812765821220
+62812768454502
+628127689408
+62812771600
+6281280245633
+6281280462577
+6281280542255
+6281280806403
+628128177732
+6281283871788
+6281284085089
+6281284500101
+6281284631644
+6281284872639
+628128512873
+628128583332
+628128623706
+628128634719
+6281286816957
+6281287900422
+6281288021006
+6281288026645
+6281288446092
+6281288804099
+6281290224626
+6281291107828
+628129221808
+628129430000
+6281296358163
+628129648266
+628129680755
+6281296972073
+6281297371252
+6281297769669
+6281310055401
+6281310333308
+6281310386574
+6281310462907
+6281310569060
+6281310689995
+6281310715445
+6281310721560
+6281311005230
+6281311009492
+6281311092789
+6281311211030
+6281311508641
+6281311652896
+6281312671888
+6281312867004
+6281313667800
+6281313929717
+6281315052962
+6281315109082
+6281315136463
+6281315864668
+6281316011990
+6281316233151
+6281316358830
+6281317972344
+6281318016475
+6281318451333
+6281318543436
+6281318566601
+6281318746323
+6281318845007
+6281319157815
+6281319232225
+6281319816341
+6281320080508
+6281320089921
+6281320393935
+6281320412384
+6281320420713
+6281320480353
+6281320483594
+6281320529661
+6281320634940
+6281320653608
+6281321149391
+6281321887678
+6281321907133
+6281322252582
+6281322328003
+6281322447488
+6281322535255
+6281323004999
+6281323013958
+6281323191616
+6281323202025
+6281323202026
+6281323292893
+6281323304502
+6281323333320
+6281323700800
+6281323891910
+6281323942557
+6281323955777
+6281325091626
+6281326308607
+6281326447003
+6281326579958
+6281327121595
+6281327786698
+6281328164004
+6281328179456
+6281328296138
+6281328478190
+6281328788916
+6281328871055
+6281333415706
+6281334773545
+6281335104300
+6281335243902
+6281335585810
+6281335625880
+6281335640180
+6281335712650
+6281335830004
+6281338174041
+6281338770761
+6281340846100
+6281342894175
+6281344128735
+6281345037917
+6281345930116
+6281347687426
+6281355352635
+6281355562041
+6281356862794
+6281359025501
+6281359626720
+6281359755315
+6281360003119
+6281360664448
+62813634530662
+6281364177276
+62813647726202
+6281365445426
+62813655510211
+62813657441
+6281365778851
+6281365793227
+6281366704846
+6281367183485
+6281369913031
+62813710316
+62813710667082
+62813712567
+62813714775711
+6281371828481
+6281376962111
+6281377052490
+6281378884382
+6281380030400
+6281380047300
+6281380121770
+6281380548289
+6281380620500
+6281381196098
+6281381356841
+6281381408944
+6281381537753
+6281382555912
+6281383414926
+62813834614401
+6281384034632
+6281384967494
+6281385185869
+6281385654716
+6281386440822
+6281392075717
+6281392224642
+6281392365142
+6281392650960
+6281393365787
+6281393878256
+6281394943331
+6281395237629
+6281395258519
+6281396246353
+6281397244545
+6281399081232
+6281399575999
+6281399846791
+6281460821301
+62815080707000
+6281510837578
+6281510901563
+6281515744854
+62815157448540
+628151623852
+62815171207000
+628151896400
+6281548515774
+62815520507000
+62815540707000
+62815570408000
+62815590708000
+62815610108000
+6281563549022
+628156704040
+6281567629043
+62815680908000
+628156897997
+6281572366065
+6281572521875
+6281574109000
+628158140935
+6281584252365
+628158539335
+6281586161177
+6281586662742
+628158810190
+628159510914
+628159688700
+62816782525
+62816963271
+628170261631
+62817036147508
+628170717426
+628170794395
+628170909633
+62817138477
+62817142701
+62817144175
+6281717463208
+62817200249
+62817259480
+628174946820
+628176097324
+628176504084
+6281770915186
+6281779577078
+628179000751
+628179015540
+628179890225
+628179920590
+6281802722011
+6281803479135
+6281804034827
+6281804387561
+6281806866960
+6281806906901
+6281807277300
+6281807876105
+6281808846585
+62818140167
+62818195949
+62818209271
+62818265130
+62818464269
+62818569406121
+62818701669
+62818816745
+628188650091
+6281901720854
+6281904561003
+6281904729720
+6281905800234
+6281907383958
+6281908095882
+6281908616604
+6281913967661
+6281913967662
+6281914305529
+6281915939513
+6281916111075
+6281916220759
+6281917239169
+6281917925254
+6281918137818
+6281918356268
+6281927790609
+62819304570895
+6281931192236
+6281932086209
+6281932301849
+6281932977511
+6281933808626
+6281934796557
+6281934815461
+6281934854710
+6281934887884
+6281936853337
+6281937437704
+6281937610021
+6281937661846
+6281937741999
+6281938761148
+6281945968491
+6281946658816
+6281946696219
+6281946710766
+628194829492
+6281952504700
+6281977814241
+6281999063729
+6281999085706
+6281999259106
+6282110419666
+6282112374505
+6282112927914
+6282113345544
+6282113601961
+6282113685165
+6282114151266
+6282115201612
+6282115345922
+6282116503089
+6282116615639
+6282117733707
+6282117826713
+6282118000979
+6282118032688
+6282118235820
+6282118800740
+6282119234900
+6282119253962
+6282119752036
+628211984605
+6282121895777
+6282123653339
+6282124140602
+6282124786843
+6282125253858
+6282127259398
+6282127494926
+6282127527588
+6282128030697
+6282130387842
+6282130485921
+6282132673186
+6282132749382
+6282133337060
+6282134052986
+6282135953956
+6282136627279
+6282138532248
+6282138801858
+6282139190371
+6282140714020
+6282140824419
+62821408244190
+6282144348473
+6282144955824
+6282145552401
+6282153489342
+6282154786100
+6282158432926
+6282159334353
+6282163799018
+6282170176800
+6282170193642
+6282170864996
+6282171183947
+62821722280002
+6282172294511
+6282172784965
+6282183112229
+6282188640727
+6282195183557
+6282197655943
+6282199786682
+6282199957058
+6282213099847
+6282214310358
+6282214849867
+6282214868909
+628221488111
+6282215609531
+6282216564179
+6282216894238
+6282217082233
+6282217595905
+62822177544664
+6282220268911
+6282221271982
+6282221509190
+6282225555900
+6282226569669
+6282228610638
+6282229956809
+6282231248793
+6282232811166
+6282233695683
+6282233982022
+6282236144343
+6282236167752
+6282236445141
+6282236868446
+6282240995208
+6282241917946
+6282242867526
+6282251346291
+6282260942323
+6282273614674
+6282278045764
+6282278825445
+6282280948818
+6282283841430
+6282284739839
+6282285059368
+6282287790585
+6282291563226
+6282292662494
+62822926624940
+6282292728921
+6282293337872
+6282294329793
+6282301068527
+6282310822508
+6282311545989
+6282311574517
+6282313060277
+6282313322225
+6282315097001
+6282315156369
+6282315199143
+6282315381614
+6282315776009
+6282315837636
+6282316162805
+6282316563599
+6282316577555
+6282316588552
+6282317467787
+6282317668227
+6282318105839
+6282318183629
+6282318328996
+6282319338720
+6282320406672
+6282320554449
+6282320645134
+6282321257405
+6282321977366
+6282323561815
+6282324226917
+6282324954783
+6282327216013
+6282328443198
+6282328795260
+6282330202826
+6282330970755
+6282332817919
+6282337594771
+6282339032397
+6282339877589
+6282339950159
+6282340006314
+6282341261958
+6282341577545
+6282341666930
+6282349017446
+6282359039382
+6282371350655
+6282374908616
+6282383079589
+6282387214627
+6282388848066
+6282389100156
+6282391532627
+6282396301079
+6282398204418
+62825180408000
+62825510208000
+62825530208000
+6282848122591
+6283119636216
+6283119991356
+6283122534726
+6283129333302
+6283129451357
+6283135927044
+6283142899109
+6283145475757
+6283146229878
+62831673980895
+6283186274142
+6283800614716
+6283805262470
+6283822781146
+62838259020895
+6283835371340
+6283836236402
+6283843754366
+6283847005487
+6283847128886
+6283847699099
+6283849257839
+6283852280886
+6283866965450
+6283877966617
+6283890359153
+6284647776022
+6285115308555
+6285145021687
+6285156432985
+6285156729686
+6285161200074
+6285161746466
+62851891174830
+62851891174840
+62851891174850
+62851891174880
+62851891174910
+62851891174920
+62851891174930
+6285189117494
+62851891174970
+6285189117498
+62851891174990
+62851891175030
+62851891175040
+62851891175060
+6285191247419
+62851942700240
+62851942700250
+62851942700270
+62851942700280
+62851942700300
+62851942700310
+62851942700430
+6285201410597
+6285201439068
+6285203792632
+6285205031457
+6285210034914
+6285210783197
+6285211110792
+62852111911148
+6285212352367
+6285215464655
+62852158705382
+62852158705385
+6285216104505
+6285216206857
+6285217533107
+6285218408565
+6285218742831
+6285219398756
+6285219434599
+6285220078800
+6285220130097
+6285221375599
+6285221554024
+6285221645379
+6285221686826
+6285221707017
+6285221827690
+6285222227552
+6285222559990
+6285223119740
+6285223160745
+62852231687
+6285223202299
+628522329939
+6285223390142
+6285223399637
+6285223470332
+6285223556222
+6285223724844
+6285223796751
+6285223807081
+6285223872728
+6285223983007
+6285224466231
+6285225022865
+62852251822801
+6285225211484
+6285225996291
+6285226706820
+6285226805584
+6285226822745
+6285228095553
+6285228277829
+6285228320666
+6285228447953
+6285228546389
+6285228944553
+6285229219377
+6285229339013
+6285229624162
+6285230233841
+6285230467519
+6285230560234
+6285230659098
+6285231101629
+6285231509645
+6285233056378
+62852330563780
+6285233101332
+6285233101621
+6285233624023
+6285235020410
+6285235054684
+6285235417404
+6285235879590
+6285236140053
+6285236817773
+6285236866594
+6285236872973
+6285237955181
+6285237997956
+6285238375910
+6285238809351
+6285239815252
+6285242054689
+6285242084478
+6285242824103
+6285246010919
+6285246240807
+6285247519567
+6285253615696
+6285253625946
+6285255229568
+6285257908269
+6285259127995
+6285259655365
+6285260139600
+6285260925056
+6285263428568
+62852638077
+62852638357
+6285264107715
+6285265716783
+6285266199769
+6285268140988
+6285268361303
+6285270109900
+62852714204502
+6285271568315
+6285271976257
+6285272780612
+6285274052444
+6285274173624
+6285274752880
+6285274837571
+6285275366108
+6285276549407
+6285277277080
+6285277473780
+6285277548293
+6285277693440
+62852780880
+62852781400
+62852783260751
+6285281411191
+6285282931874
+6285285834491
+6285286080589
+6285286276755
+6285290067618
+6285292007666
+6285292080103
+6285292200857
+6285292633132
+6285292789498
+6285292793419
+6285292924646
+6285292931196
+6285294203641
+6285294760425
+6285295226488
+6285296680833
+6285297938428
+6285298183224
+6285298845701
+6285299153738
+6285299177911
+6285299825354
+6285299960820
+6285314230738
+6285314757289
+6285314757292
+6285315076744
+6285318462595
+6285318550983
+6285318588147
+6285318603963
+6285318781111
+628531946698
+6285320245012
+6285320515781
+6285320994930
+6285321098666
+6285321736340
+6285322389990
+6285322489181
+6285322733390
+6285323202244
+6285323421624
+6285323806912
+6285323952912
+6285324950089
+6285326677467
+6285330104779
+6285330801810
+6285331473296
+6285333362239
+6285334449625
+6285336003268
+6285336617348
+6285337261373
+6285341928075
+6285341997353
+6285342003609
+6285342288787
+6285351685557
+6285353000384
+6285353046885
+628535572626
+62853566112603
+6285363639591
+6285363747207
+62853648618861
+62853650515731
+62853743488832
+62853762588856
+6285397631193
+6285399003696
+6285459408317
+628551010360
+6285523641866
+6285540479177
+628560169688
+6285602679249
+628561368422
+628561901701
+6285624462667
+628563541794
+6285640121804
+6285640814013
+6285642213633
+6285642353664
+6285643210172
+6285643608639
+6285643870947
+6285643982824
+6285645578785
+6285645611680
+6285646435171
+6285646672221
+6285647021807
+6285647172443
+6285647432640
+6285648036960
+6285648916358
+6285649256571
+6285649629575
+6285649649262
+628565251710
+6285655887857
+6285655935195
+628566709453
+628567018530
+628567222006
+628567268346
+628567882580
+6285691952105
+628569254933
+6285692711925
+6285693926304
+6285694000769
+6285694391591
+6285695050378
+6285695700106
+6285697360719
+6285702487187
+6285706387853
+6285710000842
+6285710530165
+6285710692888
+6285710791021
+6285711306462
+6285712412961
+6285713099684
+6285713193526
+6285713788955
+6285715925192
+6285716278718
+6285716882931
+6285717544187
+6285717940009
+6285718711267
+6285723071314
+6285723152503
+6285723341479
+6285723509146
+6285725666196
+6285726832323
+6285727569189
+6285728000422
+6285729000540
+6285729536757
+6285729680864
+6285730041808
+6285731175760
+6285731493987
+6285733022708
+6285735510451
+6285736803500
+6285737756956
+6285739517310
+6285740006392
+6285740695551
+6285742457801
+6285746062032
+6285746137732
+6285746480540
+6285747750800
+6285747875320
+6285749082749
+628574922808
+6285749302538
+6285749312984
+6285749404115
+6285749768800
+6285755575448
+6285755686955
+6285773444127
+6285779069684
+6285780698650
+6285781448217
+6285786405128
+6285789141365
+6285790887646
+6285792919774
+6285793367132
+6285798436458
+6285798921107
+628580356230
+6285804620407
+6285804941404
+6285808364146
+6285813184174
+6285813825528
+6285846161592
+6285846177281
+6285852080907
+6285852544203
+6285859697599
+6285859748667
+6285861182018
+6285862000282
+6285867318832
+6285867411760
+6285867642723
+6285867647306
+6285869208210
+6285869484299
+6285869600966
+6285869714957
+6285869977629
+6285870266889
+6285870323857
+6285875116250
+6285876770355
+6285877849947
+6285878057221
+62859159953269
+62859180614600
+6285920772880
+6285925015285
+6285925036112
+6285931300773
+6285938523414
+6285943646627
+6285954318203
+6285955345953
+6285959732366
+6285960161912
+6285961490376
+6285963156159
+6285975263423
+62862858047336
+628648708226
+6287587435794
+6287702810102
+6287703334309
+6287711656441
+6287712557616
+6287717011977
+6287719779408
+6287732166471
+6287735491898
+6287736518942
+6287748104845
+6287750262190
+6287751026148
+6287752071731
+6287755221344
+6287755527038
+6287755542442
+6287755607691
+6287755703300
+6287755748420
+6287755876945
+6287755973173
+6287755994901
+6287756142118
+6287757120491
+6287757348959
+6287757438294
+6287757725716
+6287758824677
+6287759121987
+6287759204906
+6287762575119
+6287762947085
+6287764543631
+6287765952853
+6287766642620
+6287766643559
+6287770008894
+6287770308096
+6287772986073
+6287776752140
+6287780185404
+6287780688017
+6287782463321
+6287788548059
+6287796832417
+6287806650155
+6287807035467
+6287812561125
+6287816070572
+6287826819110
+6287835111684
+6287835312932
+6287837850808
+6287838142873
+6287842998421
+6287844082698
+6287844823567
+6287845203048
+6287845276964
+6287847641893
+6287849157666
+6287850400831
+6287851556147
+6287853461313
+6287854440258
+6287855917177
+6287856049303
+6287856680577
+6287857405374
+6287857459383
+6287857474046
+6287857496503
+6287858225249
+6287858748956
+6287860667906
+6287861444509
+6287861580686
+6287861918012
+6287863392503
+6287863468151
+6287863481826
+6287863656408
+6287864309471
+6287870398514
+6287870439666
+6287870682896
+6287871499462
+6287872569279
+6287873104079
+6287874447225
+6287877831913
+6287878275572
+6287878515458
+6287880331111
+6287880640345
+6287883715790
+628812835169
+628812960156
+628813839440
+628814762094
+628816579882
+62882009562206
+6288211048056
+6288212526967
+6288214698088
+6288216789023
+6288218340711
+6288221255600
+6288221713837
+6288221747390
+62882293802166
+6288233114173
+6288238458934
+6288239510310
+6288271276569
+628871181037
+6288806291651
+628882096925
+628882602286
+628884155557
+628884176056
+628886511017
+628886715207
+6288901759858
+62890989650895
+6289501776415
+6289503588730
+6289510680937
+6289513518011
+6289513626305
+6289513837501
+6289515409424
+62895154094240
+6289523289960
+6289527518464
+62895333230545
+62895342143148
+62895384199407
+62895392438799
+62895414892501
+62895415086921
+62895601338605
+62895601486210
+62895614720009
+62895622875704
+6289604374565
+6289612327851
+6289612796848
+6289626336084
+6289627043352
+62896313650822
+6289636127807
+6289636556456
+6289643396239
+6289649371506
+6289651079995
+6289651809152
+6289666690011
+6289669505208
+6289679062542
+6289682190761
+6289682222254
+6289696695550
+628970656469
+628975919988
+628976351841
+628979639202
+628979978401
+628980424237
+628980619261
+628983176676
+628985226332
+628988231639
+628988599056
+628989120007
+628990326852
+628990355992
+628990910620
+628990955678
+628991999484
+628995045880
+628999841687
+628111772683
+628111920800
+628112297990
+628115150222
+628115814301
+628117292224
+6281210474819
+6281212465365
+6281213848299
+62812197009001
+6281220017963
+6281220719892
+6281221169002
+6281221520460
+628122276999
+6281224179159
+628122589785
+6281226723911
+628122795610
+6281228556524
+6281229852211
+6281230474777
+6281233255481
+6281233455388
+6281234510966
+6281235410102
+6281235870601
+6281236886390
+6281238460332
+6281238961590
+6281240287030
+6281241216244
+628124178800
+6281242950008
+6281244048178
+6281244280826
+628124600166
+628124637171
+628124783839
+628124880094
+628124889021
+6281249030264
+628124916645
+628124924865
+628124980295
+6281250900251
+6281251871729
+6281252294612
+6281252402026
+628125392
+628125393039
+6281254940819
+6281255055593
+6281255481744
+6281256693407
+6281256743171
+6281257681592
+6281270010228
+628127387944
+6281275063774
+6281282390017
+6281283769983
+6281285539367
+6281285789889
+6281288187820
+6281289065579
+6281293690338
+6281296735307
+6281298655917
+6281314212066
+6281314842808
+6281328223397
+6281339345290
+628131141920
+6281335365142
+6281337572431
+6281338853620
+6281340203330
+6281340265082
+6281341111008
+6281341166060
+6281341650005
+6281347596116
+6281350148811
+6281351288811
+6281353529181
+6281355885966
+6281359717999
+6281360214383
+6281360369669
+6281365092719
+6281366600951
+6281367768379
+6281368361641
+6281369363333
+6281380734544
+6281381171148
+6281382678901
+6281383608510
+6281383647838
+6281384800380
+6281385109225
+6281386182927
+6281387805360
+6281388144432
+6281388936690
+628138900276
+6281389078997
+6281389676475
+628138986903
+6281389926383
+628139010381
+6281390226099
+6281390337027
+6281390724968
+6281390799439
+628139085893
+628139116612
+6281392240622
+6281393404020
+628139400866
+628139427273
+6281394993070
+6281395433010
+6281395551819
+6281396068189
+6281398204868
+628139843012
+6281398577588
+628139872814
+628139901269
+628139948340
+6281399629609
+628139989913
+628139994801
