0811178210121
081134569412
0811417904015
081141925558
08114412273
0811444449934
0811445100353
0811450929221
081146151763
08121586490
08121604984227
081218620229
08122379000915
081224736212
0812253980214
08122604337
081226605021
08122801381
081228135963
081228685502
081229375934
081230307637
08123189806028
081235367074
081236267500
08123695639612
081237472185
08123758707010
08123761317115
08123799847652
0812383242795
081238404386
08123840505650
08123858715011
0812386675697
0812387614685
081238969362
08123925568851
081239411312
081239543859
08123965218037
08124112961510
0812412104911
081241263051
08124126305109
08124126305111
08124126305114
0812413731209
08124139280454
0812413980087
08124169855428
08124180242
08124192265445
08124194977911
08124194977913
0812420524412
08124219603
08124221430020
08124221478
08124246508
08124248343
0812425617414
081242606466
0812440044343
081244829017
08124603773
08124755255
08125081165615
08125095235722
0812509874004
081251111108
08125130516
0812514878883
08125252526712
081252627028
08125262702809
08125262702813
081252998001
0812671922412
08127864005444
081281917979
08128811637252
08131022266520
081312432058
08131380003009
08131380003011
08131940966032
08132554389928
08132565043325
08132575846316
0813257674855
08132704403626
08132857776435
0813300101669
08133311591141
081333327341
08133377999536
08133455999617
08133482255142
08133552264724
08133605332838
0813362208366
08133627845611
0813363717262
081336839335
081337049416
08133754251229
081338215643
08133834092221
08133973430132
08134005010032
0813401832328
0813402222804
0813406897797
08134117600909
08134117600911
08134226789250
08134229833127
081342513396
08134263214014
08134263214015
08134266076538
08134306906013
0813435405556
081343902571
081348013035
081348330055
081348363268
0813490021697
08134905569133
08134911779910
08134920478913
0813492088848
08134928944832
0813527184009
08135276967031
08135280082719
08135281789220
08135283926212
08135287744225
08135295100511
081353036386
081355043087
08135512836032
08135537321221
08135555233647
0813555813337
08135561122433
08135566084808
08135566084809
08135566084810
08135579707537
08135639999139
0813566408378
08135671292114
081386290228
08138629022809
08138629022811
08138990149443
08139008648418
08139037107417
08139088934711
0813921859584
0815167729029
081522888346
081555623861
0815556295026
08155567168140
081558107475
081566665016
0815775613520
081642403944
0816428048514
08165221278
08170377004712
08175112114
08175744225
0817961483240
0817962628619
081803638393
08180515685222
08180594405313
08184585648
08190444225418
081907580666
081907708221
081907718555
08191106660630
08191379958036
081915951867
081916313004
08193464212119
081934644449
0819360858995
08193728211523
08193734446421
08193734447432
08193932281115
08199905139634
08211088640110
08212255397922
08213475036623
08213932992627
0821431603044
082144104490
082144201230
082144283439
0821455808804
08214587000736
082145950276
08214632291531
08214679013541
08214679415753
0821544855515
08218705420755
082189006366
0821891132708
0821891132709
08218911327309
08218911327311
08218911327313
08218911327314
08218977781522
08219166612252
08219287711125
08221141001130
082225404457
0822255988829
082231027727
08223287126942
0822368789493
082237619589
08223774575117
08223792130645
08224500588841
082247586206
082247660835
08225381300617
082254401226
08225995874719
082277010987
08229166080908
08229190919109
08229190919111
08229244758811
08229331196323
08231776119910
082333008800
08233468666923
08233481541035
0823364721867
08233703844457
08233709909910
08233939358911
082340810807
08234416100840
0823469838614
082347388807
08234837235847
08234990602235
08235901275818
08235913833621
08239970171761
082833904103
08311602502745
083119571892
083129658669
08313865680841
0835566084808
0835566084809
0851037307202
08515646526548
08520400409016
08520495435734
0852187564447
085225067657
085225225328
08522523653623
08523031570912
08523051587631
08523051592813
0852305160049
08523079926319
08523108950033
08523118512543
08523130053929
0852317700047
08523179791926
085232220072
08523308243318
0852345894446
08523463618414
08523463776236
0852356788665
085238142705
08524060211210
08524073346442
08524094945636
08524104506719
08524138058108
08524138058110
08524138058114
08524138058115
08524202500726
08524234221708
08524234221711
08524261744951
085242646959
0852426777982
085242839383
08524295598748
08524413313222
08524656727453
08524902298930
08524904744818
08524910044434
08524924598628
08524929225623
085249303899
085251428888
0852536392598
08525518533356
08525604170750
085256499984
08525649998409
08525649998411
08525649998414
08525666262329
08525671646230
08525677917538
085257707661
08525780201316
0852588253178
0852588955343
08525909130120
08528047939018
08528157943609
08528157943615
08529027599910
08529451122815
08529844767027
08529934526649
08529952704321
08529962730814
08529962730824
0852998191899
08529987182611
08529992828608
08529992828611
08529997008716
0853281119865
08533004563344
08533069098624
085333061683
085333585255
08533511884440
085338887220
08534136779955
085341835993
0853419736962
08534201795948
085342284762
08534386866313
08534839995014
085349733800
085350095982
085350217876
08539404257546
08539456334536
08539726747618
08539772550509
08539833800009
08539833800011
08539833800013
08539837677317
0856261160217
0856320493927
0856345582616
0856356965535
0856395420530
08564144248729
08564545659418
08564626664920
08564779773921
0856478038347
08564797579516
08564848767245
08564848767246
08564922800129
08565460066621
0856550307054
08565517333724
08565526958138
08565539107025
08565559256144
0857149551102
08572745661327
085729022254
08573035130434
0857306678355
0857308796969
08573172662011
08573201640031
08573218877843
08573348850014
08573711239844
0857515975892
08575188999927
08575253344424
08577671138739
085782525778
08578609472215
08579210211343
08579252389337
085814739056
08582842674616
08584229861624
0858425815816
08584264957527
08585450322625
0858661088807
08586986738626
08588555155713
08593473717814
08593657265431
0859403062112
0859429539333
0859429539956
08594295614020
08596412116633
08770171556126
0877505615639
08775097094035
08775099336742
087753231946
08775350893613
08775849715542
0877617857938
087763388036
08776530187960
087765318886
087765352825
087765484269
087765540666
087774054126
087788644774
087815541000
0878500323658
08785041244428
0878506053566
08785076686622
08785082582939
08785084865126
08785111172813
08785118969133
0878514236952
08785682140149
087857847772
0878587668304
087861765409
08786306756247
08786338415516
087863503679
087865298884
087865516026
08786614410217
087866767666
08788429418438
08821922850335
08883077077
08963743288219
0897033907925
0897727992010
0897727992141
0898377174537
0899666643311
